15
0 0 0 0 0 0 0 0 0 7 0 0 0 2 0 
0 0 0 1 0 0 0 0 0 0 2 0 0 0 0 
0 0 0 2 0 0 0 0 3 0 0 0 0 0 0 
0 1 2 0 1 1 0 0 0 0 0 0 0 0 0 
0 0 0 1 0 0 1 0 0 0 3 4 0 0 0 
0 0 0 1 0 0 0 1 0 0 0 0 0 0 0 
0 0 0 0 1 0 0 1 0 0 0 0 0 0 0 
0 0 0 0 0 1 1 0 0 0 0 0 0 0 0 
0 0 3 0 0 0 0 0 0 3 0 0 0 0 0 
7 0 0 0 0 0 0 0 3 0 0 0 0 0 0 
0 2 0 0 3 0 0 0 0 0 0 0 0 0 0 
0 0 0 0 4 0 0 0 0 0 0 0 0 0 0 
0 0 0 0 0 0 0 0 0 0 0 0 0 2 1 
2 0 0 0 0 0 0 0 0 0 0 0 2 0 0 
0 0 0 0 0 0 0 0 0 0 0 0 1 0 0 
L0
L1
Park
L3
L4
L5
L6
L7
nhung
L9
loc
hậu
phong
Khang
Nam
